{
 "cells": [
  {
   "cell_type": "markdown",
   "id": "9ab89dea",
   "metadata": {},
   "source": [
    "# Vehicle Routing Problem"
   ]
  },
  {
   "cell_type": "code",
   "execution_count": 1,
   "id": "8b27d1aa",
   "metadata": {},
   "outputs": [],
   "source": [
    "import pyomo.environ as pyo\n",
    "import matplotlib.pyplot as plt\n",
    "import numpy as np\n",
    "import math\n",
    "import pandas as pd\n",
    "import seaborn as sns"
   ]
  },
  {
   "cell_type": "code",
   "execution_count": 2,
   "id": "356ee0fe",
   "metadata": {},
   "outputs": [],
   "source": [
    "np.random.seed(45)\n",
    "\n",
    "n_cars = 2\n",
    "cars_set = list(range(1, n_cars+1))\n",
    "\n",
    "n_customers = 30\n",
    "customers_set = list(range(1, n_customers+1))\n",
    "warehouse = 0\n",
    "points_set = [warehouse] + customers_set"
   ]
  },
  {
   "cell_type": "code",
   "execution_count": 3,
   "id": "377e5dfd",
   "metadata": {},
   "outputs": [
    {
     "data": {
      "text/plain": [
       "{0: (40, 13),\n",
       " 1: (42, 71),\n",
       " 2: (45, 78),\n",
       " 3: (25, 75),\n",
       " 4: (24, 63),\n",
       " 5: (67, 56),\n",
       " 6: (18, 63),\n",
       " 7: (22, 44),\n",
       " 8: (34, 22),\n",
       " 9: (27, 78),\n",
       " 10: (40, 66),\n",
       " 11: (24, 46),\n",
       " 12: (41, 46),\n",
       " 13: (67, 71),\n",
       " 14: (27, 16),\n",
       " 15: (52, 21),\n",
       " 16: (18, 59),\n",
       " 17: (73, 52),\n",
       " 18: (64, 26),\n",
       " 19: (34, 73),\n",
       " 20: (32, 37),\n",
       " 21: (42, 26),\n",
       " 22: (68, 70),\n",
       " 23: (64, 42),\n",
       " 24: (26, 69),\n",
       " 25: (65, 15),\n",
       " 26: (77, 65),\n",
       " 27: (70, 67),\n",
       " 28: (37, 28),\n",
       " 29: (65, 30),\n",
       " 30: (19, 19)}"
      ]
     },
     "execution_count": 3,
     "metadata": {},
     "output_type": "execute_result"
    }
   ],
   "source": [
    "coordinates = {\n",
    "    i: (np.random.randint(10, 80), np.random.randint(10, 80)) for i in points_set\n",
    "}\n",
    "\n",
    "coordinates"
   ]
  },
  {
   "cell_type": "code",
   "execution_count": 4,
   "id": "8b7f9334",
   "metadata": {},
   "outputs": [
    {
     "data": {
      "text/plain": [
       "{(0, 1): 58.034472514187634,\n",
       " (0, 2): 65.19202405202648,\n",
       " (0, 3): 63.788713735268246,\n",
       " (0, 4): 52.49761899362675,\n",
       " (0, 5): 50.774009099144415,\n",
       " (0, 6): 54.62600113499065,\n",
       " (0, 7): 35.84689665786984,\n",
       " (0, 8): 10.816653826391969,\n",
       " (0, 9): 66.2872536767062,\n",
       " (0, 10): 53.0,\n",
       " (0, 11): 36.6742416417845,\n",
       " (0, 12): 33.015148038438355,\n",
       " (0, 13): 63.97655820689325,\n",
       " (0, 14): 13.341664064126334,\n",
       " (0, 15): 14.422205101855956,\n",
       " (0, 16): 50.99019513592785,\n",
       " (0, 17): 51.088159097779204,\n",
       " (0, 18): 27.294688127912362,\n",
       " (0, 19): 60.29925372672534,\n",
       " (0, 20): 25.298221281347036,\n",
       " (0, 21): 13.152946437965905,\n",
       " (0, 22): 63.50590523722971,\n",
       " (0, 23): 37.64306044943742,\n",
       " (0, 24): 57.723478758647246,\n",
       " (0, 25): 25.079872407968907,\n",
       " (0, 26): 63.8200595424354,\n",
       " (0, 27): 61.773780845922005,\n",
       " (0, 28): 15.297058540778355,\n",
       " (0, 29): 30.23243291566195,\n",
       " (0, 30): 21.840329667841555,\n",
       " (1, 0): 58.034472514187634,\n",
       " (1, 2): 7.615773105863909,\n",
       " (1, 3): 17.46424919657298,\n",
       " (1, 4): 19.697715603592208,\n",
       " (1, 5): 29.154759474226502,\n",
       " (1, 6): 25.298221281347036,\n",
       " (1, 7): 33.60059523282288,\n",
       " (1, 8): 49.64876634922564,\n",
       " (1, 9): 16.55294535724685,\n",
       " (1, 10): 5.385164807134504,\n",
       " (1, 11): 30.805843601498726,\n",
       " (1, 12): 25.019992006393608,\n",
       " (1, 13): 25.0,\n",
       " (1, 14): 57.0087712549569,\n",
       " (1, 15): 50.99019513592785,\n",
       " (1, 16): 26.832815729997478,\n",
       " (1, 17): 36.359317925395686,\n",
       " (1, 18): 50.08991914547278,\n",
       " (1, 19): 8.246211251235321,\n",
       " (1, 20): 35.4400902933387,\n",
       " (1, 21): 45.0,\n",
       " (1, 22): 26.019223662515376,\n",
       " (1, 23): 36.40054944640259,\n",
       " (1, 24): 16.1245154965971,\n",
       " (1, 25): 60.53924347066124,\n",
       " (1, 26): 35.510561809129406,\n",
       " (1, 27): 28.284271247461902,\n",
       " (1, 28): 43.289721643826724,\n",
       " (1, 29): 47.01063709417264,\n",
       " (1, 30): 56.859475903318,\n",
       " (2, 0): 65.19202405202648,\n",
       " (2, 1): 7.615773105863909,\n",
       " (2, 3): 20.223748416156685,\n",
       " (2, 4): 25.80697580112788,\n",
       " (2, 5): 31.11269837220809,\n",
       " (2, 6): 30.886890422961002,\n",
       " (2, 7): 41.048751503547585,\n",
       " (2, 8): 57.0701322935211,\n",
       " (2, 9): 18.0,\n",
       " (2, 10): 13.0,\n",
       " (2, 11): 38.27531841800928,\n",
       " (2, 12): 32.2490309931942,\n",
       " (2, 13): 23.08679276123039,\n",
       " (2, 14): 64.5600495662759,\n",
       " (2, 15): 57.42821606144492,\n",
       " (2, 16): 33.015148038438355,\n",
       " (2, 17): 38.2099463490856,\n",
       " (2, 18): 55.362442142665635,\n",
       " (2, 19): 12.083045973594572,\n",
       " (2, 20): 43.01162633521314,\n",
       " (2, 21): 52.08646657242167,\n",
       " (2, 22): 24.351591323771842,\n",
       " (2, 23): 40.70626487409524,\n",
       " (2, 24): 21.02379604162864,\n",
       " (2, 25): 66.09841147864296,\n",
       " (2, 26): 34.539832078341085,\n",
       " (2, 27): 27.313000567495326,\n",
       " (2, 28): 50.635955604688654,\n",
       " (2, 29): 52.0,\n",
       " (2, 30): 64.47480127925948,\n",
       " (3, 0): 63.788713735268246,\n",
       " (3, 1): 17.46424919657298,\n",
       " (3, 2): 20.223748416156685,\n",
       " (3, 4): 12.041594578792296,\n",
       " (3, 5): 46.09772228646444,\n",
       " (3, 6): 13.892443989449804,\n",
       " (3, 7): 31.144823004794873,\n",
       " (3, 8): 53.75872022286245,\n",
       " (3, 9): 3.605551275463989,\n",
       " (3, 10): 17.4928556845359,\n",
       " (3, 11): 29.017236257093817,\n",
       " (3, 12): 33.12099032335839,\n",
       " (3, 13): 42.190046219457976,\n",
       " (3, 14): 59.033888572581766,\n",
       " (3, 15): 60.37383539249432,\n",
       " (3, 16): 17.46424919657298,\n",
       " (3, 17): 53.225933528685054,\n",
       " (3, 18): 62.625873247404705,\n",
       " (3, 19): 9.219544457292887,\n",
       " (3, 20): 38.63935817272331,\n",
       " (3, 21): 51.86520991955976,\n",
       " (3, 22): 43.289721643826724,\n",
       " (3, 23): 51.088159097779204,\n",
       " (3, 24): 6.082762530298219,\n",
       " (3, 25): 72.11102550927978,\n",
       " (3, 26): 52.952809179494906,\n",
       " (3, 27): 45.70557952810576,\n",
       " (3, 28): 48.507731342539614,\n",
       " (3, 29): 60.207972893961475,\n",
       " (3, 30): 56.32051136131489,\n",
       " (4, 0): 52.49761899362675,\n",
       " (4, 1): 19.697715603592208,\n",
       " (4, 2): 25.80697580112788,\n",
       " (4, 3): 12.041594578792296,\n",
       " (4, 5): 43.56604182158393,\n",
       " (4, 6): 6.0,\n",
       " (4, 7): 19.1049731745428,\n",
       " (4, 8): 42.20189569201838,\n",
       " (4, 9): 15.297058540778355,\n",
       " (4, 10): 16.278820596099706,\n",
       " (4, 11): 17.0,\n",
       " (4, 12): 24.041630560342615,\n",
       " (4, 13): 43.73785545725808,\n",
       " (4, 14): 47.095647357266465,\n",
       " (4, 15): 50.47771785649585,\n",
       " (4, 16): 7.211102550927978,\n",
       " (4, 17): 50.21951811795888,\n",
       " (4, 18): 54.48853090330111,\n",
       " (4, 19): 14.142135623730951,\n",
       " (4, 20): 27.202941017470888,\n",
       " (4, 21): 41.14608122288197,\n",
       " (4, 22): 44.553338819890925,\n",
       " (4, 23): 45.17742799230607,\n",
       " (4, 24): 6.324555320336759,\n",
       " (4, 25): 63.12685640834652,\n",
       " (4, 26): 53.03772242470448,\n",
       " (4, 27): 46.17358552246078,\n",
       " (4, 28): 37.33630940518894,\n",
       " (4, 29): 52.630789467763066,\n",
       " (4, 30): 44.28317965096906,\n",
       " (5, 0): 50.774009099144415,\n",
       " (5, 1): 29.154759474226502,\n",
       " (5, 2): 31.11269837220809,\n",
       " (5, 3): 46.09772228646444,\n",
       " (5, 4): 43.56604182158393,\n",
       " (5, 6): 49.49747468305833,\n",
       " (5, 7): 46.57252408878007,\n",
       " (5, 8): 47.38143096192854,\n",
       " (5, 9): 45.65084884205331,\n",
       " (5, 10): 28.792360097775937,\n",
       " (5, 11): 44.14748010928823,\n",
       " (5, 12): 27.85677655436824,\n",
       " (5, 13): 15.0,\n",
       " (5, 14): 56.568542494923804,\n",
       " (5, 15): 38.07886552931954,\n",
       " (5, 16): 49.09175083453431,\n",
       " (5, 17): 7.211102550927978,\n",
       " (5, 18): 30.14962686336267,\n",
       " (5, 19): 37.12142238654117,\n",
       " (5, 20): 39.824615503479755,\n",
       " (5, 21): 39.05124837953327,\n",
       " (5, 22): 14.035668847618199,\n",
       " (5, 23): 14.317821063276353,\n",
       " (5, 24): 43.01162633521314,\n",
       " (5, 25): 41.048751503547585,\n",
       " (5, 26): 13.45362404707371,\n",
       " (5, 27): 11.40175425099138,\n",
       " (5, 28): 41.036569057366385,\n",
       " (5, 29): 26.076809620810597,\n",
       " (5, 30): 60.60528029800704,\n",
       " (6, 0): 54.62600113499065,\n",
       " (6, 1): 25.298221281347036,\n",
       " (6, 2): 30.886890422961002,\n",
       " (6, 3): 13.892443989449804,\n",
       " (6, 4): 6.0,\n",
       " (6, 5): 49.49747468305833,\n",
       " (6, 7): 19.4164878389476,\n",
       " (6, 8): 44.01136216933077,\n",
       " (6, 9): 17.4928556845359,\n",
       " (6, 10): 22.20360331117452,\n",
       " (6, 11): 18.027756377319946,\n",
       " (6, 12): 28.600699292150182,\n",
       " (6, 13): 49.64876634922564,\n",
       " (6, 14): 47.853944456021594,\n",
       " (6, 15): 54.037024344425184,\n",
       " (6, 16): 4.0,\n",
       " (6, 17): 56.089214649520635,\n",
       " (6, 18): 59.033888572581766,\n",
       " (6, 19): 18.867962264113206,\n",
       " (6, 20): 29.5296461204668,\n",
       " (6, 21): 44.10215414239989,\n",
       " (6, 22): 50.48762224545735,\n",
       " (6, 23): 50.566787519082126,\n",
       " (6, 24): 10.0,\n",
       " (6, 25): 67.17886572427373,\n",
       " (6, 26): 59.033888572581766,\n",
       " (6, 27): 52.15361924162119,\n",
       " (6, 28): 39.824615503479755,\n",
       " (6, 29): 57.42821606144492,\n",
       " (6, 30): 44.01136216933077,\n",
       " (7, 0): 35.84689665786984,\n",
       " (7, 1): 33.60059523282288,\n",
       " (7, 2): 41.048751503547585,\n",
       " (7, 3): 31.144823004794873,\n",
       " (7, 4): 19.1049731745428,\n",
       " (7, 5): 46.57252408878007,\n",
       " (7, 6): 19.4164878389476,\n",
       " (7, 8): 25.059928172283335,\n",
       " (7, 9): 34.36568055487916,\n",
       " (7, 10): 28.42534080710379,\n",
       " (7, 11): 2.8284271247461903,\n",
       " (7, 12): 19.1049731745428,\n",
       " (7, 13): 52.478567053607705,\n",
       " (7, 14): 28.442925306655784,\n",
       " (7, 15): 37.8021163428716,\n",
       " (7, 16): 15.524174696260024,\n",
       " (7, 17): 51.62363799656123,\n",
       " (7, 18): 45.69463863518345,\n",
       " (7, 19): 31.38470965295043,\n",
       " (7, 20): 12.206555615733702,\n",
       " (7, 21): 26.90724809414742,\n",
       " (7, 22): 52.839379254491625,\n",
       " (7, 23): 42.04759208325728,\n",
       " (7, 24): 25.317977802344327,\n",
       " (7, 25): 51.86520991955976,\n",
       " (7, 26): 58.872744118140105,\n",
       " (7, 27): 53.225933528685054,\n",
       " (7, 28): 21.93171219946131,\n",
       " (7, 29): 45.221676218380054,\n",
       " (7, 30): 25.179356624028344,\n",
       " (8, 0): 10.816653826391969,\n",
       " (8, 1): 49.64876634922564,\n",
       " (8, 2): 57.0701322935211,\n",
       " (8, 3): 53.75872022286245,\n",
       " (8, 4): 42.20189569201838,\n",
       " (8, 5): 47.38143096192854,\n",
       " (8, 6): 44.01136216933077,\n",
       " (8, 7): 25.059928172283335,\n",
       " (8, 9): 56.43580423808985,\n",
       " (8, 10): 44.40720662234904,\n",
       " (8, 11): 26.0,\n",
       " (8, 12): 25.0,\n",
       " (8, 13): 59.07622195096772,\n",
       " (8, 14): 9.219544457292887,\n",
       " (8, 15): 18.027756377319946,\n",
       " (8, 16): 40.311288741492746,\n",
       " (8, 17): 49.20365840057018,\n",
       " (8, 18): 30.265491900843113,\n",
       " (8, 19): 51.0,\n",
       " (8, 20): 15.132745950421556,\n",
       " (8, 21): 8.94427190999916,\n",
       " (8, 22): 58.82176467941097,\n",
       " (8, 23): 36.05551275463989,\n",
       " (8, 24): 47.67598976424087,\n",
       " (8, 25): 31.78049716414141,\n",
       " (8, 26): 60.81118318204309,\n",
       " (8, 27): 57.62811813689564,\n",
       " (8, 28): 6.708203932499369,\n",
       " (8, 29): 32.01562118716424,\n",
       " (8, 30): 15.297058540778355,\n",
       " (9, 0): 66.2872536767062,\n",
       " (9, 1): 16.55294535724685,\n",
       " (9, 2): 18.0,\n",
       " (9, 3): 3.605551275463989,\n",
       " (9, 4): 15.297058540778355,\n",
       " (9, 5): 45.65084884205331,\n",
       " (9, 6): 17.4928556845359,\n",
       " (9, 7): 34.36568055487916,\n",
       " (9, 8): 56.43580423808985,\n",
       " (9, 10): 17.69180601295413,\n",
       " (9, 11): 32.14031735997639,\n",
       " (9, 12): 34.92849839314596,\n",
       " (9, 13): 40.607881008493905,\n",
       " (9, 14): 62.0,\n",
       " (9, 15): 62.24146527838174,\n",
       " (9, 16): 21.02379604162864,\n",
       " (9, 17): 52.839379254491625,\n",
       " (9, 18): 63.8200595424354,\n",
       " (9, 19): 8.602325267042627,\n",
       " (9, 20): 41.30375285612676,\n",
       " (9, 21): 54.120236510939236,\n",
       " (9, 22): 41.773197148410844,\n",
       " (9, 23): 51.62363799656123,\n",
       " (9, 24): 9.055385138137417,\n",
       " (9, 25): 73.57309290766564,\n",
       " (9, 26): 51.66236541235796,\n",
       " (9, 27): 44.384682042344295,\n",
       " (9, 28): 50.99019513592785,\n",
       " (9, 29): 61.220911460055866,\n",
       " (9, 30): 59.53990258641679,\n",
       " (10, 0): 53.0,\n",
       " (10, 1): 5.385164807134504,\n",
       " (10, 2): 13.0,\n",
       " (10, 3): 17.4928556845359,\n",
       " (10, 4): 16.278820596099706,\n",
       " (10, 5): 28.792360097775937,\n",
       " (10, 6): 22.20360331117452,\n",
       " (10, 7): 28.42534080710379,\n",
       " (10, 8): 44.40720662234904,\n",
       " (10, 9): 17.69180601295413,\n",
       " (10, 11): 25.612496949731394,\n",
       " (10, 12): 20.024984394500787,\n",
       " (10, 13): 27.459060435491963,\n",
       " (10, 14): 51.66236541235796,\n",
       " (10, 15): 46.57252408878007,\n",
       " (10, 16): 23.08679276123039,\n",
       " (10, 17): 35.84689665786984,\n",
       " (10, 18): 46.647615158762406,\n",
       " (10, 19): 9.219544457292887,\n",
       " (10, 20): 30.083217912982647,\n",
       " (10, 21): 40.049968789001575,\n",
       " (10, 22): 28.284271247461902,\n",
       " (10, 23): 33.94112549695428,\n",
       " (10, 24): 14.317821063276353,\n",
       " (10, 25): 56.79788728465171,\n",
       " (10, 26): 37.013511046643494,\n",
       " (10, 27): 30.01666203960727,\n",
       " (10, 28): 38.118237105091836,\n",
       " (10, 29): 43.829214001622255,\n",
       " (10, 30): 51.478150704935004,\n",
       " (11, 0): 36.6742416417845,\n",
       " (11, 1): 30.805843601498726,\n",
       " (11, 2): 38.27531841800928,\n",
       " (11, 3): 29.017236257093817,\n",
       " (11, 4): 17.0,\n",
       " (11, 5): 44.14748010928823,\n",
       " (11, 6): 18.027756377319946,\n",
       " (11, 7): 2.8284271247461903,\n",
       " (11, 8): 26.0,\n",
       " (11, 9): 32.14031735997639,\n",
       " (11, 10): 25.612496949731394,\n",
       " (11, 12): 17.0,\n",
       " (11, 13): 49.73932046178355,\n",
       " (11, 14): 30.14962686336267,\n",
       " (11, 15): 37.53664875824692,\n",
       " (11, 16): 14.317821063276353,\n",
       " (11, 17): 49.36598018878993,\n",
       " (11, 18): 44.721359549995796,\n",
       " (11, 19): 28.792360097775937,\n",
       " (11, 20): 12.041594578792296,\n",
       " (11, 21): 26.90724809414742,\n",
       " (11, 22): 50.11985634456667,\n",
       " (11, 23): 40.19950248448356,\n",
       " (11, 24): 23.08679276123039,\n",
       " (11, 25): 51.40038910358559,\n",
       " (11, 26): 56.302753041036986,\n",
       " (11, 27): 50.566787519082126,\n",
       " (11, 28): 22.20360331117452,\n",
       " (11, 29): 44.01136216933077,\n",
       " (11, 30): 27.459060435491963,\n",
       " (12, 0): 33.015148038438355,\n",
       " (12, 1): 25.019992006393608,\n",
       " (12, 2): 32.2490309931942,\n",
       " (12, 3): 33.12099032335839,\n",
       " (12, 4): 24.041630560342615,\n",
       " (12, 5): 27.85677655436824,\n",
       " (12, 6): 28.600699292150182,\n",
       " (12, 7): 19.1049731745428,\n",
       " (12, 8): 25.0,\n",
       " (12, 9): 34.92849839314596,\n",
       " (12, 10): 20.024984394500787,\n",
       " (12, 11): 17.0,\n",
       " (12, 13): 36.069377593742864,\n",
       " (12, 14): 33.1058907144937,\n",
       " (12, 15): 27.313000567495326,\n",
       " (12, 16): 26.419689627245813,\n",
       " (12, 17): 32.55764119219941,\n",
       " (12, 18): 30.479501308256342,\n",
       " (12, 19): 27.892651361962706,\n",
       " (12, 20): 12.727922061357855,\n",
       " (12, 21): 20.024984394500787,\n",
       " (12, 22): 36.124783736376884,\n",
       " (12, 23): 23.345235059857504,\n",
       " (12, 24): 27.459060435491963,\n",
       " (12, 25): 39.20459156782532,\n",
       " (12, 26): 40.70626487409524,\n",
       " (12, 27): 35.805027579936315,\n",
       " (12, 28): 18.439088914585774,\n",
       " (12, 29): 28.844410203711913,\n",
       " (12, 30): 34.828149534535996,\n",
       " (13, 0): 63.97655820689325,\n",
       " (13, 1): 25.0,\n",
       " (13, 2): 23.08679276123039,\n",
       " (13, 3): 42.190046219457976,\n",
       " (13, 4): 43.73785545725808,\n",
       " (13, 5): 15.0,\n",
       " (13, 6): 49.64876634922564,\n",
       " (13, 7): 52.478567053607705,\n",
       " (13, 8): 59.07622195096772,\n",
       " (13, 9): 40.607881008493905,\n",
       " (13, 10): 27.459060435491963,\n",
       " (13, 11): 49.73932046178355,\n",
       " (13, 12): 36.069377593742864,\n",
       " (13, 14): 68.00735254367721,\n",
       " (13, 15): 52.20153254455275,\n",
       " (13, 16): 50.44799302251776,\n",
       " (13, 17): 19.924858845171276,\n",
       " (13, 18): 45.09988913511872,\n",
       " (13, 19): 33.06055050963308,\n",
       " (13, 20): 48.79549159502341,\n",
       " (13, 21): 51.478150704935004,\n",
       " (13, 22): 1.4142135623730951,\n",
       " (13, 23): 29.154759474226502,\n",
       " (13, 24): 41.048751503547585,\n",
       " (13, 25): 56.0357029044876,\n",
       " (13, 26): 11.661903789690601,\n",
       " (13, 27): 5.0,\n",
       " (13, 28): 52.43090691567332,\n",
       " (13, 29): 41.048751503547585,\n",
       " (13, 30): 70.76722405181653,\n",
       " (14, 0): 13.341664064126334,\n",
       " (14, 1): 57.0087712549569,\n",
       " (14, 2): 64.5600495662759,\n",
       " (14, 3): 59.033888572581766,\n",
       " (14, 4): 47.095647357266465,\n",
       " (14, 5): 56.568542494923804,\n",
       " (14, 6): 47.853944456021594,\n",
       " (14, 7): 28.442925306655784,\n",
       " (14, 8): 9.219544457292887,\n",
       " (14, 9): 62.0,\n",
       " (14, 10): 51.66236541235796,\n",
       " (14, 11): 30.14962686336267,\n",
       " (14, 12): 33.1058907144937,\n",
       " (14, 13): 68.00735254367721,\n",
       " (14, 15): 25.495097567963924,\n",
       " (14, 16): 43.93176527297759,\n",
       " (14, 17): 58.412327466040935,\n",
       " (14, 18): 38.3275357934736,\n",
       " (14, 19): 57.42821606144492,\n",
       " (14, 20): 21.587033144922902,\n",
       " (14, 21): 18.027756377319946,\n",
       " (14, 22): 67.80117993073571,\n",
       " (14, 23): 45.221676218380054,\n",
       " (14, 24): 53.009433122794285,\n",
       " (14, 25): 38.01315561749642,\n",
       " (14, 26): 70.00714249274856,\n",
       " (14, 27): 66.70832032063167,\n",
       " (14, 28): 15.620499351813308,\n",
       " (14, 29): 40.496913462633174,\n",
       " (14, 30): 8.54400374531753,\n",
       " (15, 0): 14.422205101855956,\n",
       " (15, 1): 50.99019513592785,\n",
       " (15, 2): 57.42821606144492,\n",
       " (15, 3): 60.37383539249432,\n",
       " (15, 4): 50.47771785649585,\n",
       " (15, 5): 38.07886552931954,\n",
       " (15, 6): 54.037024344425184,\n",
       " (15, 7): 37.8021163428716,\n",
       " (15, 8): 18.027756377319946,\n",
       " (15, 9): 62.24146527838174,\n",
       " (15, 10): 46.57252408878007,\n",
       " (15, 11): 37.53664875824692,\n",
       " (15, 12): 27.313000567495326,\n",
       " (15, 13): 52.20153254455275,\n",
       " (15, 14): 25.495097567963924,\n",
       " (15, 16): 50.99019513592785,\n",
       " (15, 17): 37.44329045369811,\n",
       " (15, 18): 13.0,\n",
       " (15, 19): 55.02726596879042,\n",
       " (15, 20): 25.612496949731394,\n",
       " (15, 21): 11.180339887498949,\n",
       " (15, 22): 51.54609587543949,\n",
       " (15, 23): 24.186773244895647,\n",
       " (15, 24): 54.589376255824725,\n",
       " (15, 25): 14.317821063276353,\n",
       " (15, 26): 50.60632371551998,\n",
       " (15, 27): 49.39635614091387,\n",
       " (15, 28): 16.55294535724685,\n",
       " (15, 29): 15.811388300841896,\n",
       " (15, 30): 33.06055050963308,\n",
       " (16, 0): 50.99019513592785,\n",
       " (16, 1): 26.832815729997478,\n",
       " (16, 2): 33.015148038438355,\n",
       " (16, 3): 17.46424919657298,\n",
       " (16, 4): 7.211102550927978,\n",
       " (16, 5): 49.09175083453431,\n",
       " (16, 6): 4.0,\n",
       " (16, 7): 15.524174696260024,\n",
       " (16, 8): 40.311288741492746,\n",
       " (16, 9): 21.02379604162864,\n",
       " (16, 10): 23.08679276123039,\n",
       " (16, 11): 14.317821063276353,\n",
       " (16, 12): 26.419689627245813,\n",
       " (16, 13): 50.44799302251776,\n",
       " (16, 14): 43.93176527297759,\n",
       " (16, 15): 50.99019513592785,\n",
       " (16, 17): 55.44366510251645,\n",
       " (16, 18): 56.61271941887264,\n",
       " (16, 19): 21.2602916254693,\n",
       " (16, 20): 26.076809620810597,\n",
       " (16, 21): 40.80441152620633,\n",
       " (16, 22): 51.19570294468082,\n",
       " (16, 23): 49.040799340956916,\n",
       " (16, 24): 12.806248474865697,\n",
       " (16, 25): 64.38167441127949,\n",
       " (16, 26): 59.30430001273095,\n",
       " (16, 27): 52.61178575186362,\n",
       " (16, 28): 36.359317925395686,\n",
       " (16, 29): 55.226805085936306,\n",
       " (16, 30): 40.01249804748511,\n",
       " (17, 0): 51.088159097779204,\n",
       " (17, 1): 36.359317925395686,\n",
       " (17, 2): 38.2099463490856,\n",
       " (17, 3): 53.225933528685054,\n",
       " (17, 4): 50.21951811795888,\n",
       " (17, 5): 7.211102550927978,\n",
       " (17, 6): 56.089214649520635,\n",
       " (17, 7): 51.62363799656123,\n",
       " (17, 8): 49.20365840057018,\n",
       " (17, 9): 52.839379254491625,\n",
       " (17, 10): 35.84689665786984,\n",
       " (17, 11): 49.36598018878993,\n",
       " (17, 12): 32.55764119219941,\n",
       " (17, 13): 19.924858845171276,\n",
       " (17, 14): 58.412327466040935,\n",
       " (17, 15): 37.44329045369811,\n",
       " (17, 16): 55.44366510251645,\n",
       " (17, 18): 27.51363298439521,\n",
       " (17, 19): 44.294469180700204,\n",
       " (17, 20): 43.657759905886145,\n",
       " (17, 21): 40.45985664828782,\n",
       " (17, 22): 18.681541692269406,\n",
       " (17, 23): 13.45362404707371,\n",
       " (17, 24): 49.9799959983992,\n",
       " (17, 25): 37.8549864614954,\n",
       " (17, 26): 13.601470508735444,\n",
       " (17, 27): 15.297058540778355,\n",
       " (17, 28): 43.266615305567875,\n",
       " (17, 29): 23.40939982143925,\n",
       " (17, 30): 63.28506932918696,\n",
       " (18, 0): 27.294688127912362,\n",
       " (18, 1): 50.08991914547278,\n",
       " (18, 2): 55.362442142665635,\n",
       " (18, 3): 62.625873247404705,\n",
       " (18, 4): 54.48853090330111,\n",
       " (18, 5): 30.14962686336267,\n",
       " (18, 6): 59.033888572581766,\n",
       " (18, 7): 45.69463863518345,\n",
       " (18, 8): 30.265491900843113,\n",
       " (18, 9): 63.8200595424354,\n",
       " (18, 10): 46.647615158762406,\n",
       " (18, 11): 44.721359549995796,\n",
       " (18, 12): 30.479501308256342,\n",
       " (18, 13): 45.09988913511872,\n",
       " (18, 14): 38.3275357934736,\n",
       " (18, 15): 13.0,\n",
       " (18, 16): 56.61271941887264,\n",
       " (18, 17): 27.51363298439521,\n",
       " (18, 19): 55.758407437802596,\n",
       " (18, 20): 33.83784863137726,\n",
       " (18, 21): 22.0,\n",
       " (18, 22): 44.181444068749045,\n",
       " (18, 23): 16.0,\n",
       " (18, 24): 57.38466694161429,\n",
       " (18, 25): 11.045361017187261,\n",
       " (18, 26): 41.10960958218893,\n",
       " (18, 27): 41.43669871020132,\n",
       " (18, 28): 27.073972741361768,\n",
       " (18, 29): 4.123105625617661,\n",
       " (18, 30): 45.5411901469428,\n",
       " (19, 0): 60.29925372672534,\n",
       " (19, 1): 8.246211251235321,\n",
       " (19, 2): 12.083045973594572,\n",
       " (19, 3): 9.219544457292887,\n",
       " (19, 4): 14.142135623730951,\n",
       " (19, 5): 37.12142238654117,\n",
       " (19, 6): 18.867962264113206,\n",
       " (19, 7): 31.38470965295043,\n",
       " (19, 8): 51.0,\n",
       " (19, 9): 8.602325267042627,\n",
       " (19, 10): 9.219544457292887,\n",
       " (19, 11): 28.792360097775937,\n",
       " (19, 12): 27.892651361962706,\n",
       " (19, 13): 33.06055050963308,\n",
       " (19, 14): 57.42821606144492,\n",
       " (19, 15): 55.02726596879042,\n",
       " (19, 16): 21.2602916254693,\n",
       " (19, 17): 44.294469180700204,\n",
       " (19, 18): 55.758407437802596,\n",
       " (19, 20): 36.05551275463989,\n",
       " (19, 21): 47.67598976424087,\n",
       " (19, 22): 34.132096331752024,\n",
       " (19, 23): 43.139309220245984,\n",
       " (19, 24): 8.94427190999916,\n",
       " (19, 25): 65.76473218982953,\n",
       " (19, 26): 43.73785545725808,\n",
       " (19, 27): 36.49657518178932,\n",
       " (19, 28): 45.09988913511872,\n",
       " (19, 29): 53.009433122794285,\n",
       " (19, 30): 56.04462507680822,\n",
       " (20, 0): 25.298221281347036,\n",
       " (20, 1): 35.4400902933387,\n",
       " (20, 2): 43.01162633521314,\n",
       " (20, 3): 38.63935817272331,\n",
       " (20, 4): 27.202941017470888,\n",
       " (20, 5): 39.824615503479755,\n",
       " (20, 6): 29.5296461204668,\n",
       " (20, 7): 12.206555615733702,\n",
       " (20, 8): 15.132745950421556,\n",
       " (20, 9): 41.30375285612676,\n",
       " (20, 10): 30.083217912982647,\n",
       " (20, 11): 12.041594578792296,\n",
       " (20, 12): 12.727922061357855,\n",
       " (20, 13): 48.79549159502341,\n",
       " (20, 14): 21.587033144922902,\n",
       " (20, 15): 25.612496949731394,\n",
       " (20, 16): 26.076809620810597,\n",
       " (20, 17): 43.657759905886145,\n",
       " (20, 18): 33.83784863137726,\n",
       " (20, 19): 36.05551275463989,\n",
       " (20, 21): 14.866068747318506,\n",
       " (20, 22): 48.83646178829912,\n",
       " (20, 23): 32.38826948140329,\n",
       " (20, 24): 32.55764119219941,\n",
       " (20, 25): 39.66106403010388,\n",
       " (20, 26): 53.0,\n",
       " (20, 27): 48.41487374764082,\n",
       " (20, 28): 10.295630140987,\n",
       " (20, 29): 33.734255586866,\n",
       " (20, 30): 22.20360331117452,\n",
       " (21, 0): 13.152946437965905,\n",
       " (21, 1): 45.0,\n",
       " (21, 2): 52.08646657242167,\n",
       " (21, 3): 51.86520991955976,\n",
       " (21, 4): 41.14608122288197,\n",
       " (21, 5): 39.05124837953327,\n",
       " (21, 6): 44.10215414239989,\n",
       " (21, 7): 26.90724809414742,\n",
       " (21, 8): 8.94427190999916,\n",
       " (21, 9): 54.120236510939236,\n",
       " (21, 10): 40.049968789001575,\n",
       " (21, 11): 26.90724809414742,\n",
       " (21, 12): 20.024984394500787,\n",
       " (21, 13): 51.478150704935004,\n",
       " (21, 14): 18.027756377319946,\n",
       " (21, 15): 11.180339887498949,\n",
       " (21, 16): 40.80441152620633,\n",
       " (21, 17): 40.45985664828782,\n",
       " (21, 18): 22.0,\n",
       " (21, 19): 47.67598976424087,\n",
       " (21, 20): 14.866068747318506,\n",
       " (21, 22): 51.10772935672255,\n",
       " (21, 23): 27.202941017470888,\n",
       " (21, 24): 45.880278987817846,\n",
       " (21, 25): 25.495097567963924,\n",
       " (21, 26): 52.40229002629561,\n",
       " (21, 27): 49.64876634922564,\n",
       " (21, 28): 5.385164807134504,\n",
       " (21, 29): 23.345235059857504,\n",
       " (21, 30): 24.041630560342615,\n",
       " (22, 0): 63.50590523722971,\n",
       " (22, 1): 26.019223662515376,\n",
       " (22, 2): 24.351591323771842,\n",
       " (22, 3): 43.289721643826724,\n",
       " (22, 4): 44.553338819890925,\n",
       " (22, 5): 14.035668847618199,\n",
       " (22, 6): 50.48762224545735,\n",
       " (22, 7): 52.839379254491625,\n",
       " (22, 8): 58.82176467941097,\n",
       " (22, 9): 41.773197148410844,\n",
       " (22, 10): 28.284271247461902,\n",
       " (22, 11): 50.11985634456667,\n",
       " (22, 12): 36.124783736376884,\n",
       " (22, 13): 1.4142135623730951,\n",
       " (22, 14): 67.80117993073571,\n",
       " (22, 15): 51.54609587543949,\n",
       " (22, 16): 51.19570294468082,\n",
       " (22, 17): 18.681541692269406,\n",
       " (22, 18): 44.181444068749045,\n",
       " (22, 19): 34.132096331752024,\n",
       " (22, 20): 48.83646178829912,\n",
       " (22, 21): 51.10772935672255,\n",
       " (22, 23): 28.284271247461902,\n",
       " (22, 24): 42.01190307520001,\n",
       " (22, 25): 55.08175741568164,\n",
       " (22, 26): 10.295630140987,\n",
       " (22, 27): 3.605551275463989,\n",
       " (22, 28): 52.20153254455275,\n",
       " (22, 29): 40.11234224026316,\n",
       " (22, 30): 70.7248188403477,\n",
       " (23, 0): 37.64306044943742,\n",
       " (23, 1): 36.40054944640259,\n",
       " (23, 2): 40.70626487409524,\n",
       " (23, 3): 51.088159097779204,\n",
       " (23, 4): 45.17742799230607,\n",
       " (23, 5): 14.317821063276353,\n",
       " (23, 6): 50.566787519082126,\n",
       " (23, 7): 42.04759208325728,\n",
       " (23, 8): 36.05551275463989,\n",
       " (23, 9): 51.62363799656123,\n",
       " (23, 10): 33.94112549695428,\n",
       " (23, 11): 40.19950248448356,\n",
       " (23, 12): 23.345235059857504,\n",
       " (23, 13): 29.154759474226502,\n",
       " (23, 14): 45.221676218380054,\n",
       " (23, 15): 24.186773244895647,\n",
       " (23, 16): 49.040799340956916,\n",
       " (23, 17): 13.45362404707371,\n",
       " (23, 18): 16.0,\n",
       " (23, 19): 43.139309220245984,\n",
       " (23, 20): 32.38826948140329,\n",
       " (23, 21): 27.202941017470888,\n",
       " (23, 22): 28.284271247461902,\n",
       " (23, 24): 46.61544808322666,\n",
       " (23, 25): 27.018512172212592,\n",
       " (23, 26): 26.419689627245813,\n",
       " (23, 27): 25.709920264364882,\n",
       " (23, 28): 30.4138126514911,\n",
       " (23, 29): 12.041594578792296,\n",
       " (23, 30): 50.53711507397311,\n",
       " (24, 0): 57.723478758647246,\n",
       " (24, 1): 16.1245154965971,\n",
       " (24, 2): 21.02379604162864,\n",
       " (24, 3): 6.082762530298219,\n",
       " (24, 4): 6.324555320336759,\n",
       " (24, 5): 43.01162633521314,\n",
       " (24, 6): 10.0,\n",
       " (24, 7): 25.317977802344327,\n",
       " (24, 8): 47.67598976424087,\n",
       " (24, 9): 9.055385138137417,\n",
       " (24, 10): 14.317821063276353,\n",
       " (24, 11): 23.08679276123039,\n",
       " (24, 12): 27.459060435491963,\n",
       " (24, 13): 41.048751503547585,\n",
       " (24, 14): 53.009433122794285,\n",
       " (24, 15): 54.589376255824725,\n",
       " (24, 16): 12.806248474865697,\n",
       " (24, 17): 49.9799959983992,\n",
       " (24, 18): 57.38466694161429,\n",
       " (24, 19): 8.94427190999916,\n",
       " (24, 20): 32.55764119219941,\n",
       " (24, 21): 45.880278987817846,\n",
       " (24, 22): 42.01190307520001,\n",
       " (24, 23): 46.61544808322666,\n",
       " (24, 25): 66.61080993352356,\n",
       " (24, 26): 51.15662224971465,\n",
       " (24, 27): 44.04543109109048,\n",
       " (24, 28): 42.44997055358225,\n",
       " (24, 29): 55.154328932550705,\n",
       " (24, 30): 50.48762224545735,\n",
       " (25, 0): 25.079872407968907,\n",
       " (25, 1): 60.53924347066124,\n",
       " (25, 2): 66.09841147864296,\n",
       " (25, 3): 72.11102550927978,\n",
       " (25, 4): 63.12685640834652,\n",
       " (25, 5): 41.048751503547585,\n",
       " (25, 6): 67.17886572427373,\n",
       " (25, 7): 51.86520991955976,\n",
       " (25, 8): 31.78049716414141,\n",
       " (25, 9): 73.57309290766564,\n",
       " (25, 10): 56.79788728465171,\n",
       " (25, 11): 51.40038910358559,\n",
       " (25, 12): 39.20459156782532,\n",
       " (25, 13): 56.0357029044876,\n",
       " (25, 14): 38.01315561749642,\n",
       " (25, 15): 14.317821063276353,\n",
       " (25, 16): 64.38167441127949,\n",
       " (25, 17): 37.8549864614954,\n",
       " (25, 18): 11.045361017187261,\n",
       " (25, 19): 65.76473218982953,\n",
       " (25, 20): 39.66106403010388,\n",
       " (25, 21): 25.495097567963924,\n",
       " (25, 22): 55.08175741568164,\n",
       " (25, 23): 27.018512172212592,\n",
       " (25, 24): 66.61080993352356,\n",
       " (25, 26): 51.419840528729765,\n",
       " (25, 27): 52.23983154643591,\n",
       " (25, 28): 30.870698080866262,\n",
       " (25, 29): 15.0,\n",
       " (25, 30): 46.17358552246078,\n",
       " (26, 0): 63.8200595424354,\n",
       " (26, 1): 35.510561809129406,\n",
       " (26, 2): 34.539832078341085,\n",
       " (26, 3): 52.952809179494906,\n",
       " (26, 4): 53.03772242470448,\n",
       " (26, 5): 13.45362404707371,\n",
       " (26, 6): 59.033888572581766,\n",
       " (26, 7): 58.872744118140105,\n",
       " (26, 8): 60.81118318204309,\n",
       " (26, 9): 51.66236541235796,\n",
       " (26, 10): 37.013511046643494,\n",
       " (26, 11): 56.302753041036986,\n",
       " (26, 12): 40.70626487409524,\n",
       " (26, 13): 11.661903789690601,\n",
       " (26, 14): 70.00714249274856,\n",
       " (26, 15): 50.60632371551998,\n",
       " (26, 16): 59.30430001273095,\n",
       " (26, 17): 13.601470508735444,\n",
       " (26, 18): 41.10960958218893,\n",
       " (26, 19): 43.73785545725808,\n",
       " (26, 20): 53.0,\n",
       " (26, 21): 52.40229002629561,\n",
       " (26, 22): 10.295630140987,\n",
       " (26, 23): 26.419689627245813,\n",
       " (26, 24): 51.15662224971465,\n",
       " (26, 25): 51.419840528729765,\n",
       " (26, 27): 7.280109889280518,\n",
       " (26, 28): 54.48853090330111,\n",
       " (26, 29): 37.0,\n",
       " (26, 30): 74.02702209328699,\n",
       " (27, 0): 61.773780845922005,\n",
       " (27, 1): 28.284271247461902,\n",
       " (27, 2): 27.313000567495326,\n",
       " (27, 3): 45.70557952810576,\n",
       " (27, 4): 46.17358552246078,\n",
       " (27, 5): 11.40175425099138,\n",
       " (27, 6): 52.15361924162119,\n",
       " (27, 7): 53.225933528685054,\n",
       " (27, 8): 57.62811813689564,\n",
       " (27, 9): 44.384682042344295,\n",
       " (27, 10): 30.01666203960727,\n",
       " (27, 11): 50.566787519082126,\n",
       " (27, 12): 35.805027579936315,\n",
       " (27, 13): 5.0,\n",
       " (27, 14): 66.70832032063167,\n",
       " (27, 15): 49.39635614091387,\n",
       " (27, 16): 52.61178575186362,\n",
       " (27, 17): 15.297058540778355,\n",
       " (27, 18): 41.43669871020132,\n",
       " (27, 19): 36.49657518178932,\n",
       " (27, 20): 48.41487374764082,\n",
       " (27, 21): 49.64876634922564,\n",
       " (27, 22): 3.605551275463989,\n",
       " (27, 23): 25.709920264364882,\n",
       " (27, 24): 44.04543109109048,\n",
       " (27, 25): 52.23983154643591,\n",
       " (27, 26): 7.280109889280518,\n",
       " (27, 28): 51.088159097779204,\n",
       " (27, 29): 37.33630940518894,\n",
       " (27, 30): 70.03570517957252,\n",
       " (28, 0): 15.297058540778355,\n",
       " (28, 1): 43.289721643826724,\n",
       " (28, 2): 50.635955604688654,\n",
       " (28, 3): 48.507731342539614,\n",
       " (28, 4): 37.33630940518894,\n",
       " (28, 5): 41.036569057366385,\n",
       " (28, 6): 39.824615503479755,\n",
       " (28, 7): 21.93171219946131,\n",
       " (28, 8): 6.708203932499369,\n",
       " (28, 9): 50.99019513592785,\n",
       " (28, 10): 38.118237105091836,\n",
       " (28, 11): 22.20360331117452,\n",
       " (28, 12): 18.439088914585774,\n",
       " (28, 13): 52.43090691567332,\n",
       " (28, 14): 15.620499351813308,\n",
       " (28, 15): 16.55294535724685,\n",
       " (28, 16): 36.359317925395686,\n",
       " (28, 17): 43.266615305567875,\n",
       " (28, 18): 27.073972741361768,\n",
       " (28, 19): 45.09988913511872,\n",
       " (28, 20): 10.295630140987,\n",
       " (28, 21): 5.385164807134504,\n",
       " (28, 22): 52.20153254455275,\n",
       " (28, 23): 30.4138126514911,\n",
       " (28, 24): 42.44997055358225,\n",
       " (28, 25): 30.870698080866262,\n",
       " (28, 26): 54.48853090330111,\n",
       " (28, 27): 51.088159097779204,\n",
       " (28, 29): 28.071337695236398,\n",
       " (28, 30): 20.12461179749811,\n",
       " (29, 0): 30.23243291566195,\n",
       " (29, 1): 47.01063709417264,\n",
       " (29, 2): 52.0,\n",
       " (29, 3): 60.207972893961475,\n",
       " (29, 4): 52.630789467763066,\n",
       " (29, 5): 26.076809620810597,\n",
       " (29, 6): 57.42821606144492,\n",
       " (29, 7): 45.221676218380054,\n",
       " (29, 8): 32.01562118716424,\n",
       " (29, 9): 61.220911460055866,\n",
       " (29, 10): 43.829214001622255,\n",
       " (29, 11): 44.01136216933077,\n",
       " (29, 12): 28.844410203711913,\n",
       " (29, 13): 41.048751503547585,\n",
       " (29, 14): 40.496913462633174,\n",
       " (29, 15): 15.811388300841896,\n",
       " (29, 16): 55.226805085936306,\n",
       " (29, 17): 23.40939982143925,\n",
       " (29, 18): 4.123105625617661,\n",
       " (29, 19): 53.009433122794285,\n",
       " (29, 20): 33.734255586866,\n",
       " (29, 21): 23.345235059857504,\n",
       " (29, 22): 40.11234224026316,\n",
       " (29, 23): 12.041594578792296,\n",
       " (29, 24): 55.154328932550705,\n",
       " (29, 25): 15.0,\n",
       " (29, 26): 37.0,\n",
       " (29, 27): 37.33630940518894,\n",
       " (29, 28): 28.071337695236398,\n",
       " (29, 30): 47.29693436154187,\n",
       " (30, 0): 21.840329667841555,\n",
       " (30, 1): 56.859475903318,\n",
       " (30, 2): 64.47480127925948,\n",
       " (30, 3): 56.32051136131489,\n",
       " (30, 4): 44.28317965096906,\n",
       " (30, 5): 60.60528029800704,\n",
       " (30, 6): 44.01136216933077,\n",
       " (30, 7): 25.179356624028344,\n",
       " (30, 8): 15.297058540778355,\n",
       " (30, 9): 59.53990258641679,\n",
       " (30, 10): 51.478150704935004,\n",
       " (30, 11): 27.459060435491963,\n",
       " (30, 12): 34.828149534535996,\n",
       " (30, 13): 70.76722405181653,\n",
       " (30, 14): 8.54400374531753,\n",
       " (30, 15): 33.06055050963308,\n",
       " (30, 16): 40.01249804748511,\n",
       " (30, 17): 63.28506932918696,\n",
       " (30, 18): 45.5411901469428,\n",
